[gd_scene load_steps=22 format=3 uid="uid://sw2g6pmx2fwj"]

[ext_resource type="Script" path="res://character_body_3d.gd" id="1_1bx4e"]
[ext_resource type="PackedScene" uid="uid://bkj68gh77wvol" path="res://Assets/toon_cat_free/scene.gltf" id="2_b84c5"]
[ext_resource type="Script" path="res://node_3d.gd" id="3_2pml3"]
[ext_resource type="PackedScene" uid="uid://be1quvml0txl" path="res://Assets/camping_buscraft_ambience1/scene.gltf" id="3_ji70d"]
[ext_resource type="Script" path="res://forest.gd" id="4_11kgd"]

[sub_resource type="ProceduralSkyMaterial" id="ProceduralSkyMaterial_au1n8"]
sky_top_color = Color(2.88785e-07, 0.467394, 0.741247, 1)
sky_horizon_color = Color(0.648652, 0.662113, 0.619078, 1)

[sub_resource type="Sky" id="Sky_fs6l1"]
sky_material = SubResource("ProceduralSkyMaterial_au1n8")

[sub_resource type="Environment" id="Environment_ew0r5"]
background_mode = 2
sky = SubResource("Sky_fs6l1")
tonemap_mode = 2
tonemap_exposure = 0.4

[sub_resource type="CylinderShape3D" id="CylinderShape3D_dlo20"]
height = 0.738208

[sub_resource type="WorldBoundaryShape3D" id="WorldBoundaryShape3D_jjvfo"]
margin = 0.0

[sub_resource type="CylinderShape3D" id="CylinderShape3D_kxjln"]
height = 4.17897
radius = 0.302654

[sub_resource type="CylinderShape3D" id="CylinderShape3D_thnux"]
height = 5.59544
radius = 0.368346

[sub_resource type="CylinderShape3D" id="CylinderShape3D_yp182"]

[sub_resource type="CylinderShape3D" id="CylinderShape3D_uxmx4"]
height = 6.5053
radius = 2.33302

[sub_resource type="BoxShape3D" id="BoxShape3D_ggcs1"]
size = Vector3(0.870605, 1, 1.4657)

[sub_resource type="BoxShape3D" id="BoxShape3D_donvs"]
size = Vector3(1, 0.308594, 1)

[sub_resource type="CapsuleShape3D" id="CapsuleShape3D_3pis8"]
radius = 0.637043

[sub_resource type="StandardMaterial3D" id="StandardMaterial3D_tmx6q"]
shading_mode = 0
vertex_color_use_as_albedo = true
billboard_mode = 3
particles_anim_h_frames = 1
particles_anim_v_frames = 1
particles_anim_loop = false

[sub_resource type="QuadMesh" id="QuadMesh_b1bq0"]
material = SubResource("StandardMaterial3D_tmx6q")
size = Vector2(0.15, 0.15)

[sub_resource type="Curve" id="Curve_x2sa3"]
min_value = 0.5
_data = [Vector2(0, 1), 0.0, 0.0, 0, 0, Vector2(1, 0.5), 0.0, 0.0, 0, 0]
point_count = 2

[sub_resource type="Gradient" id="Gradient_4oacp"]
offsets = PackedFloat32Array(0, 0.3, 0.566667, 0.726667, 0.886667, 1)
colors = PackedColorArray(0.945098, 0, 0, 1, 0.900968, 0.451778, 0, 1, 0.262745, 0.25098, 0.235294, 1, 0.454902, 0.447059, 0.435294, 0.890196, 0.756863, 0.752941, 0.74902, 0, 1, 1, 1, 0)

[node name="Main" type="Node3D"]

[node name="WorldEnvironment" type="WorldEnvironment" parent="."]
environment = SubResource("Environment_ew0r5")

[node name="Player" type="XROrigin3D" parent="WorldEnvironment"]
transform = Transform3D(1, 0, 0, 0, 1, 0, 0, 0, 1, 3.98812, 0, 2.95277)

[node name="CharacterBody3D" type="CharacterBody3D" parent="WorldEnvironment/Player"]
script = ExtResource("1_1bx4e")

[node name="CollisionShape3D" type="CollisionShape3D" parent="WorldEnvironment/Player/CharacterBody3D"]
transform = Transform3D(-0.928018, 0, 0.372534, 0, 1, 0, -0.372534, 0, -0.928018, 0, 0.32, 0)
shape = SubResource("CylinderShape3D_dlo20")

[node name="Sketchfab_Scene" parent="WorldEnvironment/Player/CharacterBody3D/CollisionShape3D" instance=ExtResource("2_b84c5")]
transform = Transform3D(0.002, 0, 0, 0, 0.002, 0, 0, 0, 0.002, 0, -0.347255, 0)

[node name="Node3D" type="Node3D" parent="WorldEnvironment/Player/CharacterBody3D"]
script = ExtResource("3_2pml3")

[node name="Camera3D" type="Camera3D" parent="WorldEnvironment/Player/CharacterBody3D/Node3D"]
transform = Transform3D(1, 0, 0, 0, 0.894895, 0.446276, 0, -0.446276, 0.894895, 0, 1.47904, 1.05323)

[node name="eNV" type="StaticBody3D" parent="WorldEnvironment"]
collision_mask = 3

[node name="forest" parent="WorldEnvironment/eNV" instance=ExtResource("3_ji70d")]
script = ExtResource("4_11kgd")

[node name="CollisionShape3D" type="CollisionShape3D" parent="WorldEnvironment/eNV"]
transform = Transform3D(2, 0, 0, 0, 2, 0, 0, 0, 2, 0, 0, 0)
shape = SubResource("WorldBoundaryShape3D_jjvfo")

[node name="CollisionShape3D2" type="CollisionShape3D" parent="WorldEnvironment/eNV"]
transform = Transform3D(-0.140144, -0.487056, 0.862054, -0.987865, 0.00990729, -0.154999, 0.0669526, -0.873315, -0.482533, 4.26848, 0.18417, 0.0590141)
shape = SubResource("CylinderShape3D_kxjln")

[node name="CollisionShape3D3" type="CollisionShape3D" parent="WorldEnvironment/eNV"]
transform = Transform3D(0.0160976, 0.907701, 0.419309, -0.999843, 0.0177316, 0, -0.00743505, -0.419244, 0.907843, 1.37095, 0.443368, 4.84844)
shape = SubResource("CylinderShape3D_thnux")

[node name="CollisionShape3D4" type="CollisionShape3D" parent="WorldEnvironment/eNV"]
transform = Transform3D(-0.0100504, 0.999199, -0.0387448, 0.250888, 0.0400271, 0.967188, 0.967964, 0, -0.25109, 4.80331, 0.159155, 3.81906)
shape = SubResource("CylinderShape3D_yp182")

[node name="CollisionShape3D5" type="CollisionShape3D" parent="WorldEnvironment/eNV"]
shape = SubResource("CylinderShape3D_uxmx4")

[node name="CollisionShape3D6" type="CollisionShape3D" parent="WorldEnvironment/eNV"]
transform = Transform3D(0.88722, 0, -0.461346, 0, 1, 0, 0.461346, 0, 0.88722, 2.7664, 0, 1.75212)
shape = SubResource("BoxShape3D_ggcs1")

[node name="CollisionShape3D7" type="CollisionShape3D" parent="WorldEnvironment/eNV"]
transform = Transform3D(0.642146, 0, -0.766583, 0, 1, 0, 0.766583, 0, 0.642146, 3.48619, 0.0731195, 0.872565)
shape = SubResource("BoxShape3D_donvs")

[node name="CollisionShape3D8" type="CollisionShape3D" parent="WorldEnvironment/eNV"]
transform = Transform3D(0.72001, 0.461688, 0.518102, -0.539785, 0.841803, 0, -0.436139, -0.279663, 0.855319, 3.7827, 0.923602, 0.0209671)
shape = SubResource("CapsuleShape3D_3pis8")

[node name="CPUParticles3D" type="CPUParticles3D" parent="WorldEnvironment/eNV"]
transform = Transform3D(1, 0, 0, 0, 1, 0, 0, 0, 1, 2.89764, 0.462669, 1.75592)
amount = 20
lifetime = 2.0
mesh = SubResource("QuadMesh_b1bq0")
emission_shape = 3
emission_box_extents = Vector3(0.3, 0.2, 0.3)
direction = Vector3(0, 0, 0)
gravity = Vector3(0, 1, 0)
scale_amount_curve = SubResource("Curve_x2sa3")
color = Color(1, 1, 1, 0)
color_ramp = SubResource("Gradient_4oacp")

[node name="StaticBody3D" type="StaticBody3D" parent="WorldEnvironment"]
collision_mask = 3

[node name="CollisionShape3D" type="CollisionShape3D" parent="WorldEnvironment/StaticBody3D"]
